RUN 19:

Breadth-first search path:

[1 2 3]
[0 5 6]
[4 7 8]
,
[1 2 3]
[4 5 6]
[0 7 8]
,
[1 2 3]
[4 5 6]
[7 0 8]
,
[1 2 3]
[4 5 6]
[7 8 0]

----------
Depth-first search path:

[1 2 3]
[0 5 6]
[4 7 8]
,
[1 2 3]
[5 0 6]
[4 7 8]
,
[1 2 3]
[5 6 0]
[4 7 8]
,
[1 2 3]
[5 6 8]
[4 7 0]
,
[1 2 3]
[5 6 8]
[4 0 7]
,
[1 2 3]
[5 6 8]
[0 4 7]
,
[1 2 3]
[0 6 8]
[5 4 7]
,
[1 2 3]
[6 0 8]
[5 4 7]
,
[1 2 3]
[6 8 0]
[5 4 7]
,
[1 2 3]
[6 8 7]
[5 4 0]
,
[1 2 3]
[6 8 7]
[5 0 4]
,
[1 2 3]
[6 8 7]
[0 5 4]
,
[1 2 3]
[0 8 7]
[6 5 4]
,
[1 2 3]
[8 0 7]
[6 5 4]
,
[1 2 3]
[8 7 0]
[6 5 4]
,
[1 2 3]
[8 7 4]
[6 5 0]
,
[1 2 3]
[8 7 4]
[6 0 5]
,
[1 2 3]
[8 7 4]
[0 6 5]
,
[1 2 3]
[0 7 4]
[8 6 5]
,
[1 2 3]
[7 0 4]
[8 6 5]
,
[1 2 3]
[7 4 0]
[8 6 5]
,
[1 2 3]
[7 4 5]
[8 6 0]
,
[1 2 3]
[7 4 5]
[8 0 6]
,
[1 2 3]
[7 4 5]
[0 8 6]
,
[1 2 3]
[0 4 5]
[7 8 6]
,
[1 2 3]
[4 0 5]
[7 8 6]
,
[1 2 3]
[4 5 0]
[7 8 6]
,
[1 2 3]
[4 5 6]
[7 8 0]

==========